785.533
110.75200000000001
114.235
113.851
114.378
113.883
118.53
117.13
113.04599999999999
112.569
113.313
111.57000000000001
110.21499999999999
113.047
112.481
112.138
111.863
114.16999999999999
117.117
116.80699999999999
119.033
118.512
116.18900000000001
115.691
109.455
116.021
114.08600000000001
115.66600000000001
115.376
115.305
118.519
119.407
117.279
117.274
121.59599999999999
117.32
111.051
114.162
114.363
117.95
114.275
115.771
117.36
117.12400000000001
121.03899999999999
117.899
115.21199999999999
114.804
109.949
113.646
111.99000000000001
114.669
122.546
112.532
113.943
111.911
113.001
112.406
111.44800000000001
112.33500000000001
109.35499999999999
113.56099999999999
113.373
114.884
116.667
117.095
125.639
128.473
116.093
126.33
118.304
115.81
116.468
120.16799999999999
110.015
118.493
125.223
121.256
127.44500000000001
137.05800000000002
122.002
127.94
116.37
113.952
114.193
127.86600000000001
116.758
123.004
111.79
112.30999999999999
113.82499999999999
123.22
114.593
126.278
125.89
125.304
116.653
113.49
122.11
113.666
125.496
115.51
121.639
109.822
115.53399999999999
126.055
125.639
125.664
114.56700000000001
132.742
132.00500000000002
132.695
133.707
119.867
130.20100000000002
127.12899999999999
115.653
130.90099999999998
134.715
131.666
122.60600000000001
117.83399999999999
126.434
130.90699999999998
118.172
126.10199999999999
122.262
120.13799999999999
131.61100000000002
127.823
126.39900000000002
126.32499999999999
118.93900000000001
119.95400000000001
130.607
128.14700000000002
118.95400000000001
128.73999999999998
127.294
117.253
127.58900000000001
126.743
121.836
119.825
122.329
125.80199999999999
118.051
126.224
126.09500000000001
121.78500000000001
118.919
127.13
129.23499999999999
130.227
131.661
133.054
128.223
130.17999999999998
122.7
121.872
128.198
113.721
120.837
128.39600000000002
126.529
126.582
126.076
115.032
119.282
119.187
120.86099999999999
127.751
120.624
131.647
131.542
132.559
135.137
816.594
108.527
115.18599999999999
114.413
112.304
114.04400000000001
116.838
115.677
114.184
111.843
112.771
111.357
107.734
112.629
112.06099999999999
112.125
112.44999999999999
113.513
112.25
773.912
110.692
111.571
111.293
111.125
110.58900000000001
113.706
115.286
111.914
110.019
110.67399999999999
112.245
105.46600000000001
110.936
109.709
111.14200000000001
110.66199999999999
111.943
109.644
110.645
110.227
109.884
110.065
112.07000000000001
107.038
113.861
112.3
111.58800000000001
113.341
112.539
111.91
112.14699999999999
111.026
111.057
110.50500000000001
111.749
110.189
114.208
111.24499999999999
112.10199999999999
113.689
111.75699999999999
111.82300000000001
112.11200000000001
110.44500000000001
110.663
112.22200000000001
111.404
105.59
111.596
110.94500000000001
111.277
109.538
111.33999999999999
109.666
111.429
109.93700000000001
111.81099999999999
111.36200000000001
111.604
106.31599999999999
114.232
112.416
111.844
112.607
111.15899999999999
111.592
111.579
109.852
110.14500000000001
110.687
110.056
106.218
110.66199999999999
109.53699999999999
109.69800000000001
121.847
120.29299999999999
138.06
108.126
108.55
109.39
109.64200000000001
109.339
107.943
112.15799999999999
110.896
111.193
112.11500000000001
111.69800000000001
111.009
111.18599999999999
111.193
109.077
111.78200000000001
109.76700000000001
106.995
109.89200000000001
112.211
111.16
112.348
111.902
111.07400000000001
112.122
112.057
111.94900000000001
110.866
111.60000000000001
106.84
111.603
110.687
121.745
109.868
115.449
113.494
110.358
120.715
120.88300000000001
122.282
113.717
111.18599999999999
111.211
110.075
109.113
110.47
121.27
109.883
113.387
117.61
110.07300000000001
109.623
119.963
116.463
110.743
109.95299999999999
117.81099999999999
121.73299999999999
108.25500000000001
112.886
121.132
122.663
109.648
109.648
113.71100000000001
120.026
123.09299999999999
110.777
119.195
116.63600000000001
113.77199999999999
108.45200000000001
108.996
110.914
117.804
117.506
111.985
118.51599999999999
123.30000000000001
112.234
120.367
125.14
125.54
118.61099999999999
113.77
109.46300000000001
125.08500000000001
118.742
121.178
107.465
117.717
120.35300000000001
118.847
115.661
125.506
119.226
118.331
114.215
111.076
110.196
113.283
119.10600000000001
124.811
110.201
109.034
109.988
115.592
123.05199999999999
121.619
113.223
122.53699999999999
113.045
122.09200000000001
118.593
118.68900000000001
118.02
111.079
112.024
121.757
114.803
119.05499999999999
121.078
113.051
114.63900000000001
123.26299999999999
118.463
124.759
124.506
124.583
124.879
125.11900000000001
123.986
123.30199999999999
116.98400000000001
126.89200000000001
113.783
122.486
107.08800000000001
113.35199999999999
111.363
121.538
124.038
124.413
123.32700000000001
122.89999999999999
112.933
121.946
121.913
122.27000000000001
109.944
117.697
117.398
123.621
109.966
113.56700000000001
122.977
126.103
111.78699999999999
116.036
123.582
122.94800000000001
119.208
122.757
812.742
108.03699999999999
124.994
123.877
114.152
113.791
118.07900000000001
115.246
116.911
113.905
113.876
112.96100000000001
109.727
114.16900000000001
114.09700000000001
116.06400000000001
115.733
113.666
115.72
114.599
113.36699999999999
115.221
114.551
114.263
109.551
114.872
114.375
114.057
112.243
115.904
115.465
112.40700000000001
116.82199999999999
116.411
124.621
115.744
110.059
115.167
115.382
115.26
113.944
115.627
113.691
112.816
113.48
112.721
112.446
113.614
108.758
115.12
117.429
115.01899999999999
114.601
113.89699999999999
114.035
113.408
111.958
113.82100000000001
115.43299999999999
112.797
109.69
114.461
114.595
115.24900000000001
114.035
114.805
115.638
113.245
113.11200000000001
113.155
112.72600000000001
112.15
110.121
108.50500000000001
116.508
114.729
116.285
111.33999999999999
113.098
112.991
112.24199999999999
115.027
114.672
114.928
108.989
115.53399999999999
116.73
117.12
113.118
114.037
114.055
120.57
117.232
127.029
114.869
115.875
108.167
127.413
114.70700000000001
113.81700000000001
125.883
126.38199999999999
114.15899999999999
114.011
112.518
112.121
111.90799999999999
112.588
109.659
120.601
115.928
112.696
113.301
124.421
117.795
112.379
111.85499999999999
126.61800000000001
126.164
116.077
108.89699999999999
113.554
111.416
121.46600000000001
126.67
124.146
119.548
117.174
111.376
113.638
116.456
118.253
118.107
126.864
122.89
114.76899999999999
126.7
772.587
107.171
116.395
112.524
114.576
113.376
119.667
112.339
117.44
113.266
112.438
114.165
106.089
115.76
115.494
114.709
115.701
113.578
113.057
113.782
111.53299999999999
114.263
114.19500000000001
113.261
106.94
111.75200000000001
112.604
112.413
111.77199999999999
113.313
112.607
114.75200000000001
112.14
114.058
106.589
118.33399999999999
121.294
115.496
113.224
116.055
114.67399999999999
113.71100000000001
114.934
114.498
111.803
114.486
112.068
114.34700000000001
107.26299999999999
117.87599999999999
115.635
115.08200000000001
111.834
113.432
111.375
112.136
120.101
126.10099999999998
122.708
114.73400000000001
112.976
121.379
111.645
113.681
124.2
123.38499999999999
112.137
111.821
116.679
122.329
129.64800000000002
124.987
111.41
128.523
127.886
127.328
119.09599999999999
115.61399999999999
115.39399999999999
114.221
123.51299999999999
118.695
125.18199999999999
120.901
120.631
125.911
126.055
119.28
114.668
130.80800000000002
128.00900000000001
125.75500000000001
124.58
121.756
111.531
111.789
117.375
127.254
128.762
125.89800000000001
121.79299999999999
115.25
123.455
125.38
120.274
115.885
123.31
123.886
116.319
122.833
120.32
127.28500000000001
128.86700000000002
119.142
127.14800000000001
129.161
120.02300000000001
129.116
129.669
129.23499999999999
122.679
130.493
130.457
130.895
130.556
132.521
132.429
131.06599999999997
120.335
131.126
124.24799999999999
129.006
122.359
126.197
127.36200000000001
127.58800000000001
128.893
128.12599999999998
126.73
126.916
128.595
133.077
133.964
134.01
111.738
130.419
128.506
130.89600000000002
127.583
126.684
126.04599999999999
125.444
125.58800000000001
127.57099999999998
125.563
125.62599999999999
119.865
118.02
135.566
113.985
126.84200000000001
126.166
126.33
125.361
118.84
122.074
125.555
129.54399999999998
124.60400000000001
130.43099999999998
128.09400000000002
127.21099999999998
126.31400000000001
125.04100000000001
125.09600000000002
126.28200000000001
126.23899999999999
126.517
125.49199999999999
125.09899999999999
121.86800000000001
127.04799999999999
126.974
126.464
125.301
127.611
130.806
126.53200000000001
126.07799999999999
126.017
126.95100000000001
128.47
122.03
133.17200000000003
127.93199999999999
125.05199999999999
129.545
128.89000000000001
128.058
128.936
128.23100000000002
128.462
128.12599999999998
121.729
122.277
133.244
130.904
129.20000000000002
130.061
129.56500000000003
129.186
127.90899999999999
145.901
128.38
131.64100000000002
133.689
123.46799999999999
130.093
129.978
127.774
127.526
130.967
130.972
132.832
130.273
127.247
128.082
126.924
123.765
130.143
129.012
129.882
128.042
126.09200000000001
125.68099999999998
127.87799999999999
131.875
131.789
776.6279999999999
108.14999999999999
118.461
115.099
111.962
114.282
117.55699999999999
112.62700000000001
115.642
125.88
126.828
120.651
107.24300000000001
111.509
116.13900000000001
114.838
118.76
122.227
123.16499999999999
122.71
122.60600000000001
121.176
122.21700000000001
121.45599999999999
118.566
124.85000000000001
123.905
124.00500000000001
123.276
122.599
121.887
121.723
121.49799999999999
130.304
126.18099999999998
114.871
119.31700000000001
128.507
128.31
127.53900000000002
128.775
125.44800000000001
125.27199999999999
125.116
124.159
124.241
125.27499999999999
123.038
119.493
125.494
124.261
124.954
124.847
125.04599999999999
126.86500000000001
126.866
126.84500000000001
127.867
127.697
128.34400000000002
119.52300000000001
125.72500000000001
125.73
126.36900000000001
124.773
124.208
123.461
124.24300000000001
123.152
123.291
122.92699999999999
128.086
118.35600000000001
125.834
125.23799999999999
123.941
123.24799999999999
125.053
123.997
124.46799999999999
125.27199999999999
126.192
125.174
127.523
120.698
124.99000000000001
124.742
125.558
125.36500000000001
125.20700000000001
123.582
123.148
123.561
123.324
123.541
123.506
119.5
123.401
124.125
122.882
123.313
123.457
121.77499999999999
122.579
122.85
123.929
123.67
122.38499999999999
119.256
128.31799999999998
122.46700000000001
122.37
122.461
123.256
121.667
122.20100000000001
122.129
122.788
122.113
122.029
118.20700000000001
123.56
121.634
121.365
123.048
123.744
126.521
127.01
126.18599999999999
126.98799999999999
125.90100000000001
126.25500000000001
120.907
130.523
124.892
124.676
125.418
124.78999999999999
125.48599999999999
125.823
125.65100000000001
125.32499999999999
126.06500000000001
125.273
119.66799999999999
126.024
124.694
123.539
122.628
123.916
122.032
123.029
123.462
123.232
123.817
124.30499999999999
119.51299999999999
127.477
127.773
128.84699999999998
125.713
124.891
125.44500000000001
124.44
122.964
122.88799999999999
122.187
122.779
119.995
129.149
121.084
122.52799999999999
123.817
123.20100000000001
122.02499999999999
122.405
123.297
121.77499999999999
121.788
122.014
117.83
124.11500000000001
123.484
123.022
122.442
123.49300000000001
121.848
121.81500000000001
121.047
120.669
121.82
122.681
119.645
124.042
123.134
123.303
123.03
122.77000000000001
122.433
122.85799999999999
122.626
122.619
122.17
122.037
119.09899999999999
123.935
121.945
123.21
123.70100000000001
123.683
123.17999999999999
125.5
123.146
122.957
122.768
121.99799999999999
121.897
124.60300000000001
122.583
122.132
122.183
123.059
122.371
122.863
122.17999999999999
122.85799999999999
122.70100000000001
122.96
118.586
124.467
122.596
124.85000000000001
125.277
128.621
121.568
123.106
123.0
122.35600000000001
122.246
124.377
119.37100000000001
128.441
128.17000000000002
128.978
128.555
126.41199999999999
126.18799999999999
126.113
124.627
124.61999999999999
125.35199999999999
126.144
119.771
127.90099999999998
127.87
130.416
128.456
127.385
126.797
125.71
124.624
124.852
126.12400000000001
127.12599999999999
119.19200000000001
130.265
131.583
123.692
125.93599999999999
126.53900000000002
124.361
124.81299999999999
122.897
122.547
122.434
121.944
119.102
124.18700000000001
123.81200000000001
123.435
122.71600000000001
123.195
121.536
123.149
122.61
122.121
121.928
122.409
118.102
124.56
123.361
122.097
122.23299999999999
122.35300000000001
121.34100000000001
121.692
122.584
124.257
125.947
127.84499999999998
119.105
128.704
127.16900000000001
126.671
126.047
125.45899999999999
125.50500000000001
125.48599999999999
125.21799999999999
125.67600000000002
126.487
126.574
121.776
132.706
126.276
125.858
124.971
125.24199999999999
123.673
124.17
123.134
123.221
123.009
122.811
118.799
125.42500000000001
124.484
124.142
124.717
124.882
125.441
126.81899999999999
129.23499999999999
128.399
126.49199999999999
126.87100000000001
119.95
126.68599999999999
125.18099999999998
124.402
123.92
123.642
125.332
123.961
123.882
123.375
122.357
124.039
119.187
128.364
833.33
130.149
128.221
120.483
123.396
124.238
132.467
125.671
127.59300000000002
118.071
119.366
125.74499999999999
117.888
124.269
122.972
123.024
124.008
123.53
122.932
122.086
122.91199999999999
121.845
122.848
122.053
119.58399999999999
125.29499999999999
124.012
123.16499999999999
130.475
122.92500000000001
122.597
122.74
127.084
122.02300000000001
122.735
122.657
119.41499999999999
123.89500000000001
123.53699999999999
123.097
123.91499999999999
123.954
125.65599999999999
127.688
129.258
128.969
126.689
127.45200000000001
121.989
123.53999999999999
124.66099999999999
125.15299999999999
124.741
125.90799999999999
127.99199999999999
129.542
127.469
127.491
126.43499999999999
125.703
119.132
124.684
123.496
122.924
122.252
122.554
140.11599999999999
132.296
123.147
124.594
124.913
125.16
118.237
129.591
131.532
128.73399999999998
124.33800000000001
124.048
124.178
123.03500000000001
124.254
124.42999999999999
123.375
123.943
123.528
123.49000000000001
121.673
121.89
122.44
122.617
120.39
121.703
122.11
121.85
122.128
122.02300000000001
118.51
123.098
123.892
122.161
123.293
124.006
123.167
123.097
123.446
124.27000000000001
128.936
128.855
119.018
126.29799999999999
126.24199999999999
126.934
126.79099999999998
127.36500000000001
126.534
125.47
126.157
126.98599999999999
126.047
125.526
119.033
125.10199999999999
127.31300000000002
132.226
127.84
125.277
123.967
124.67200000000001
123.583
123.424
122.86500000000001
123.02799999999999
118.985
123.636
123.281
122.089
123.351
122.59
121.45100000000001
122.129
122.365
122.91499999999999
124.847
126.32099999999998
119.239
124.898
125.89200000000001
124.681
123.179
123.24499999999999
121.527
123.854
123.125
123.063
125.68399999999998
126.744
118.083
128.21099999999998
127.131
124.807
125.249
127.70799999999998
128.207
121.402
123.658
123.91000000000001
124.141
125.03900000000002
119.09599999999999
123.668
124.457
122.909
123.043
122.874
124.21000000000001
139.524
134.519
134.72400000000002
122.317
126.443
118.603
129.03300000000002
127.78999999999999
124.931
124.25
124.936
126.824
124.432
124.893
125.056
122.929
123.612
118.989
122.924
123.063
123.837
124.28599999999999
122.39500000000001
121.12
122.688
123.767
123.104
123.168
122.477
120.867
129.219
123.32700000000001
122.67999999999999
121.57600000000001
122.253
124.942
125.84
126.577
126.83900000000001
126.72800000000001
126.244
118.25099999999999
125.52199999999999
124.043
123.462
123.91099999999999
122.98299999999999
122.959
124.748
123.521
125.50200000000001
124.538
125.637
119.839
126.947
128.247
128.462
127.441
127.06899999999999
127.75
127.12599999999999
125.614
124.399
124.888
125.35099999999998
120.44000000000001
126.336
125.56600000000002
128.239
126.67500000000001
125.81200000000001
124.016
124.197
124.581
123.56599999999999
124.693
124.49300000000001
119.863
128.979
128.655
128.5
126.473
125.26
124.27499999999999
124.372
123.226
123.53
122.24300000000001
123.402
120.116
125.09400000000001
123.564
123.324
123.03500000000001
122.352
123.364
123.28699999999999
123.06599999999999
123.586
125.006
125.96
119.786
127.70500000000001
126.267
124.856
124.856
123.63499999999999
123.384
123.20299999999999
123.42699999999999
128.338
124.571
122.734
123.164
130.87699999999998
126.53600000000002
126.597
126.561
125.73
125.27499999999999
124.25999999999999
124.317
124.25
124.17
124.523
121.75800000000001
126.23599999999999
125.963
124.984
125.48799999999999
125.499
124.905
124.39699999999999
124.632
124.626
124.349
124.278
121.516
124.781
125.59400000000001
124.71300000000001
124.127
124.88499999999999
123.86
122.86999999999999
122.63799999999999
124.527
123.219
130.75500000000002
119.77799999999999
122.863
123.719
124.008
123.944
124.88499999999999
124.901
123.741
810.498
122.252
124.702
117.83399999999999
111.462
112.822
116.33200000000001
110.81
114.21000000000001
111.012
112.396
112.10000000000001
105.89899999999999
110.42699999999999
110.239
110.301
110.55
111.314
108.438
110.691
109.52000000000001
109.398
108.509
110.591
105.417
112.478
110.685
110.38499999999999
109.848
109.017
108.398
110.076
109.613
109.538
110.447
121.51299999999999
107.21300000000001
121.734
110.47
115.943
111.958
120.232
110.28200000000001
114.265
122.087
112.125
108.128
121.14999999999999
121.172
123.405
123.393
122.692
113.733
118.84400000000001
121.137
111.72
123.221
121.83800000000001
122.188
120.81500000000001
118.98599999999999
125.471
773.962
114.685
112.75
113.72500000000001
112.286
112.827
117.98599999999999
112.149
116.02600000000001
111.303
112.735
110.86
105.926
111.07000000000001
118.55
112.399
109.809
110.743
109.806
109.469
110.356
119.835
122.794
117.15599999999999
113.854
124.574
111.652
118.213
120.16300000000001
124.752
127.04799999999999
127.91900000000001
127.026
127.834
131.482
124.95299999999999
119.95100000000001
126.794
119.682
128.473
128.44
128.64000000000001
127.80900000000001
128.229
128.349
127.03500000000001
126.934
124.60000000000001
118.993
127.48399999999998
125.063
124.78
113.08200000000001
123.494
124.83800000000001
125.73799999999999
128.878
129.265
128.23100000000002
126.98400000000001
119.931
126.01899999999999
123.977
123.792
123.517
125.07399999999998
123.53699999999999
123.914
123.459
122.788
121.89500000000001
121.472
123.517
123.76299999999999
124.30499999999999
122.825
122.911
122.742
125.053
122.167
122.405
121.734
121.976
121.337
119.175
124.751
123.023
124.344
123.36999999999999
122.657
121.476
122.649
122.06500000000001
121.55499999999999
121.64500000000001
121.593
120.32
126.987
127.71
126.65899999999999
127.421
127.22200000000001
126.84400000000001
125.75200000000001
123.462
124.794
126.366
125.26399999999998
120.268
130.10399999999998
132.04
128.875
127.49499999999999
126.84200000000001
125.327
124.10799999999999
126.06200000000001
124.257
126.361
124.857
120.757
127.03900000000002
126.48599999999999
125.63199999999999
123.439
124.581
125.558
122.27499999999999
122.609
123.038
122.835
124.175
118.483
124.57
122.599
122.627
121.546
121.746
121.328
122.449
121.69800000000001
122.00999999999999
121.78
121.435
119.047
124.125
121.865
122.582
127.11200000000001
122.41799999999999
122.599
121.385
121.26299999999999
121.334
122.078
121.837
118.208
124.212
123.221
123.921
124.175
123.101
122.614
123.292
122.402
122.292
122.796
120.952
118.98400000000001
124.486
123.359
122.94800000000001
123.238
123.196
124.038
126.73799999999999
121.11800000000001
121.03
121.23
121.696
119.298
124.283
122.85300000000001
121.91499999999999
121.765
122.54299999999999
121.776
121.694
121.554
122.709
122.111
121.48599999999999
119.26100000000001
123.458
123.61999999999999
121.424
123.267
122.869
125.73500000000001
129.334
128.992
126.916
125.42200000000001
127.41199999999999
119.117
124.559
124.579
125.224
127.26599999999999
127.754
129.39600000000002
128.09699999999998
127.49499999999999
125.15399999999998
124.806
125.75900000000001
120.357
128.271
123.863
124.638
128.114
130.603
128.01999999999998
127.69500000000001
125.67
124.771
125.20600000000002
125.54100000000001
118.645
126.96099999999998
126.31700000000001
123.512
122.852
122.235
122.569
122.692
141.807
126.34400000000001
124.887
123.757
120.794
124.357
124.768
123.289
123.66499999999999
123.399
124.507
130.73399999999998
122.624
119.397
123.817
774.347
115.732
114.718
113.83699999999999
110.74199999999999
111.11
115.023
114.028
113.701
110.997
112.258
111.071
105.81400000000001
110.676
111.631
111.898
111.305
112.866
112.187
112.259
113.012
114.25399999999999
116.96900000000001
117.825
109.70100000000001
118.074
121.495
129.252
115.84800000000001
127.65199999999999
126.583
126.91
123.244
113.65400000000001
124.20299999999999
127.466
112.834
122.786
126.889
132.37699999999998
129.619
130.29
118.133
129.721
130.20000000000002
128.40699999999998
131.24
117.497
121.416
127.07199999999999
126.41
125.56500000000001
124.586
125.64500000000001
126.06600000000002
126.192
127.42800000000001
129.56799999999998
131.718
129.938
122.70599999999999
127.76899999999999
126.89
126.753
126.356
125.893
130.413
125.87100000000001
126.04899999999999
129.706
125.276
125.53
127.01899999999999
126.09600000000002
126.256
124.781
123.08099999999999
123.239
123.182
122.988
125.116
125.309
125.23899999999999
127.34
123.781
132.04399999999998
130.177
128.678
127.744
127.25600000000001
126.92899999999999
127.24
126.65899999999999
126.32
126.861
129.218
121.857
129.46099999999998
128.025
127.467
129.64800000000002
129.699
127.084
126.137
125.87599999999999
126.69500000000001
125.90799999999999
127.00800000000001
121.542
137.208
129.39800000000002
129.59599999999998
127.43499999999999
126.494
125.57799999999999
125.87499999999999
126.34300000000002
125.20800000000001
124.23299999999999
124.449
121.147
126.579
125.65499999999999
125.29100000000001
123.414
125.169
141.367
139.646
136.37099999999998
129.412
133.638
126.51
122.589
127.894
126.914
126.143
127.95100000000001
130.085
131.19400000000002
131.403
131.045
130.293
129.51
147.18
122.625
128.765
128.356
128.631
130.87699999999998
133.53300000000002
130.34799999999998
130.325
129.708
129.183
128.15099999999998
128.128
123.83800000000001
128.459
127.43499999999999
127.557
127.13499999999999
129.53400000000002
133.04399999999998
128.132
130.002
130.666
129.331
127.423
122.39999999999999
127.853
127.26299999999999
127.11900000000001
126.657
126.82499999999999
125.24199999999999
124.909
125.921
126.37899999999999
125.02
124.34
122.6
129.442
126.328
125.68599999999999
126.88499999999999
128.93099999999998
130.653
131.995
129.378
130.018
128.82
127.603
121.224
130.967
128.184
127.939
130.708
129.319
132.00300000000001
131.362
132.42399999999998
136.073
126.029
126.581
122.35799999999999
127.59499999999998
126.87899999999999
132.02700000000002
127.51899999999999
129.20000000000002
128.081
126.887
127.51499999999999
129.266
129.456
131.27700000000002
121.374
128.047
126.88499999999999
127.57
126.83800000000001
126.86800000000001
125.854
125.743
125.26100000000001
126.49199999999999
127.055
126.857
124.08500000000001
128.888
132.497
130.01299999999998
128.00400000000002
770.6030000000001
125.12899999999999
117.941
124.306
122.136
113.118
117.20800000000001
115.407
116.21900000000001
112.18400000000001
110.65700000000001
112.906
105.761
111.387
110.337
110.648
109.08500000000001
109.952
109.303
109.876
109.759
110.947
108.92699999999999
109.53
105.958
111.958
109.617
111.269
110.009
110.182
109.137
110.144
108.78999999999999
110.01700000000001
109.741
115.231
105.628
112.291
111.238
111.21300000000001
111.069
109.496
111.118
110.86699999999999
110.748
110.18799999999999
123.497
113.213
113.297
119.443
127.40199999999999
123.217
115.32100000000001
122.96
127.491
127.29899999999999
126.54799999999999
114.094
122.614
124.477
116.7
125.79299999999999
123.355
126.116
131.489
118.828
127.04199999999999
127.611
112.609
779.827
113.599
117.20400000000001
116.415
117.422
114.86300000000001
122.60600000000001
117.143
117.702
115.559
114.22200000000001
113.853
109.829
113.414
112.50200000000001
112.37
110.878
112.312
113.181
119.04299999999999
126.333
112.792
116.731
124.148
122.428
113.41199999999999
113.29400000000001
119.309
125.48500000000001
124.72999999999999
124.61500000000001
116.57199999999999
124.378
125.37
130.026
125.22800000000001
123.409
127.924
126.993
126.517
118.667
123.13300000000001
125.38
124.878
125.67200000000001
127.25800000000001
128.658
131.41400000000002
122.34100000000001
132.70299999999997
129.992
129.888
127.78600000000002
128.191
127.61900000000001
130.781
135.91
128.886
128.925
128.939
121.776
129.23399999999998
131.095
130.716
129.91400000000002
130.364
128.979
127.883
128.70999999999998
127.416
127.59599999999999
128.232
121.667
127.59599999999999
130.036
128.04299999999998
127.21199999999999
126.366
126.83500000000001
128.667
131.665
130.75400000000002
131.90099999999998
129.443
122.63499999999999
127.32
127.689
126.716
127.52199999999999
127.97900000000001
126.582
126.62
126.187
126.918
130.988
125.64500000000001
122.735
127.2
126.886
125.353
125.65299999999999
125.21199999999999
124.63499999999999
124.966
125.199
125.97500000000001
125.19800000000001
125.22800000000001
123.00800000000001
129.058
126.441
125.82
125.419
126.42900000000002
125.22
125.12599999999999
125.003
134.223
134.436
127.47
122.637
127.69500000000001
126.9
127.017
126.20100000000001
125.114
125.56400000000001
125.14
125.168
124.95100000000001
125.366
125.423
122.67
129.03500000000003
137.787
132.67999999999998
130.17999999999998
128.674
129.01000000000002
126.964
126.26799999999999
128.019
128.388
128.16
122.92999999999999
132.58
135.166
130.19400000000002
129.684
128.272
127.757
127.98100000000001
127.356
127.97200000000001
126.911
126.114
121.63499999999999
127.996
127.64600000000002
128.198
129.31699999999998
130.713
131.405
128.374
127.24
127.08800000000001
126.116
126.957
123.063
128.932
127.14600000000002
125.582
124.977
124.671
126.54399999999998
124.601
124.989
124.898
125.253
125.05
122.495
126.39
127.443
125.89
125.97800000000001
124.294
125.09700000000001
125.138
125.987
125.28
125.667
124.92
122.50500000000001
129.026
131.302
126.31800000000001
128.035
130.889
130.362
131.875
132.197
129.173
127.69900000000001
127.8
122.289
127.51899999999999
127.41
126.864
127.411
130.459
130.923
130.53
130.269
130.341
127.78200000000001
130.55700000000002
121.416
127.81600000000002
126.45899999999999
126.693
125.837
126.77199999999999
125.95500000000001
125.473
124.32600000000001
126.253
126.888
130.628
122.14999999999999
133.63400000000001
134.909
128.755
127.161
127.09400000000001
126.607
125.222
125.754
125.29299999999999
124.837
125.06800000000001
121.822
126.14900000000002
125.811
125.806
124.974
124.852
125.26499999999999
124.711
125.52199999999999
125.286
124.482
124.434
121.85799999999999
126.634
125.34200000000001
125.1
124.17200000000001
124.756
125.51799999999999
125.35
124.833
124.992
125.003
125.116
122.211
127.90099999999998
125.62100000000001
126.171
125.137
124.5
125.474
125.29199999999999
125.66199999999999
125.34200000000001
124.502
126.977
121.181
133.88400000000001
129.884
129.416
130.321
129.98100000000002
131.58800000000002
128.22400000000002
130.616
132.439
125.824
126.37
121.45400000000001
127.76000000000002
127.696
128.523
128.454
128.857
128.831
130.579
131.01299999999998
130.466
128.966
128.459
121.394
129.037
126.89500000000001
131.23499999999999
132.055
131.329
128.09699999999998
128.288
127.073
127.48899999999999
124.48299999999999
126.59300000000002
120.703
127.56500000000001
126.026
125.49
124.599
124.66000000000001
124.723
124.954
124.93799999999999
125.42500000000001
125.029
125.47
122.203
129.136
128.229
130.716
126.253
126.34899999999999
126.2
125.553
133.305
134.97799999999998
127.56300000000002
123.619
120.946
126.674
125.587
124.96799999999999
124.591
124.696
124.844
125.247
125.42600000000002
123.71300000000001
124.614
124.291
120.76
126.017
124.97500000000001
125.586
134.792
129.56599999999997
126.83
125.45899999999999
127.028
125.953
125.46
125.187
121.332
127.35199999999999
127.23499999999999
125.093
126.77
124.793
124.402
124.406
124.131
781.021
114.591
113.506
116.06099999999999
115.65400000000001
114.22200000000001
122.197
116.555
115.748
113.417
114.175
112.45700000000001
108.02499999999999
113.4
111.44
112.881
111.071
112.53699999999999
112.724
111.476
111.398
110.85499999999999
112.36500000000001
110.905
109.636
112.591
113.316
112.929
111.456
113.175
111.943
112.93599999999999
114.349
115.149
114.991
122.245
109.494
115.65499999999999
117.342
115.25
115.536
115.94
114.74
113.9
116.272
114.60199999999999
113.251
113.97
108.479
114.973
116.926
115.007
116.367
116.755
115.255
118.097
117.02
115.911
116.003
118.309
108.933
117.925
119.309
117.515
115.685
115.747
114.717
114.235
114.552
113.189
115.54
112.636
110.116
107.818
115.71199999999999
111.515
126.54199999999999
127.88
111.378
121.989
132.893
126.864
126.63
114.67399999999999
111.444
128.37
118.782
112.31099999999999
112.69
122.534
112.101
111.251
123.971
113.914
125.939
128.351
108.321
128.57
127.45799999999998
128.964
124.216
122.251
115.688
126.524
122.574
120.099
124.95100000000001
114.173
121.86
127.89200000000001
114.46900000000001
112.94500000000001
780.106
113.111
113.94500000000001
113.128
111.306
112.30900000000001
118.015
112.32499999999999
113.8
111.49499999999999
110.148
111.352
106.10600000000001
111.47999999999999
109.536
110.07300000000001
108.41099999999999
109.666
108.006
109.733
108.329
109.71300000000001
107.837
108.32300000000001
105.344
110.888
109.82300000000001
109.947
108.99300000000001
110.994
108.988
108.816
108.961
110.075
108.636
109.244
120.131
123.36800000000001
111.36
114.816
114.068
118.684
122.50800000000001
117.05799999999999
110.116
118.54599999999999
110.36500000000001
122.59200000000001
114.54599999999999
116.67099999999999
123.847
122.472
122.32600000000001
116.87599999999999
121.167
121.28899999999999
122.271
121.91499999999999
121.424
122.419
116.84899999999999
124.384
111.54799999999999
123.042
121.796
111.395
122.53500000000001
126.09400000000001
127.64
127.687
123.51299999999999
121.73
119.223
127.20500000000001
126.303
124.735
126.40899999999999
126.17900000000002
128.0
128.523
120.797
128.58
128.449
127.56
119.07
126.99199999999999
126.84799999999998
127.47900000000001
128.363
123.32799999999999
123.86800000000001
123.864
122.949
125.753
122.81599999999999
124.046
118.76
127.553
128.786
116.54
128.34699999999998
127.798
780.717
119.283
111.442
112.93599999999999
109.496
111.28
116.479
113.39
113.713
111.744
110.807
109.452
107.22800000000001
109.886
114.455
116.78
118.831
110.732
112.051
112.577
112.04899999999999
110.827
111.579
111.929
109.474
112.261
112.60199999999999
112.72699999999999
111.58
112.327
111.629
111.78299999999999
111.90700000000001
111.36699999999999
112.293
120.05399999999999
104.374
124.875
129.33
122.765
122.559
117.449
125.026
120.34100000000001
120.116
127.04199999999999
123.95
125.56600000000002
118.661
114.964
125.21199999999999
125.09899999999999
124.35300000000001
121.574
111.233
120.52799999999999
124.696
121.671
116.643
126.80199999999999
119.062
128.42100000000002
129.102
129.175
128.08700000000002
127.168
115.375
125.74099999999999
125.787
126.20500000000001
126.441
125.52499999999999
119.845
126.973
127.93499999999999
124.513
126.007
125.83500000000001
126.561
128.339
126.37200000000001
126.17
125.754
125.71199999999999
119.07
125.18399999999998
122.981
122.371
122.909
123.574
123.195
124.146
124.794
128.655
128.00400000000002
127.83900000000001
119.917
124.954
125.89
125.04100000000001
124.10300000000001
124.339
124.44800000000001
123.41000000000001
121.702
124.257
124.253
125.70700000000001
119.755
124.669
123.113
129.019
123.128
123.617
123.72
123.109
122.192
121.877
121.724
121.839
118.252
124.987
125.07
124.964
122.101
121.254
121.36099999999999
121.804
122.56599999999999
122.05000000000001
123.472
126.864
118.462
124.444
123.26299999999999
124.658
123.653
124.74300000000001
123.878
122.659
123.722
121.75999999999999
120.98100000000001
129.14700000000002
119.25800000000001
133.989
129.06500000000003
127.26899999999999
132.907
131.404
129.083
128.28
123.938
125.90499999999999
124.774
123.942
114.829
117.495
124.66000000000001
124.798
125.88099999999999
125.97
125.95899999999999
126.65899999999999
126.781
126.829
127.078
132.731
117.894
125.20899999999999
124.564
124.267
122.741
122.598
123.511
124.337
124.685
124.999
126.082
126.85
118.586
125.98400000000001
123.526
123.15299999999999
123.311
124.39500000000001
123.70200000000001
123.31
122.715
122.73
122.981
123.116
118.536
124.39500000000001
122.35
123.419
123.569
123.09100000000001
123.112
122.423
121.44099999999999
122.299
121.911
121.47
117.995
123.946
123.536
123.506
122.99499999999999
122.648
121.795
122.61
122.405
123.568
125.79599999999999
123.172
118.133
125.116
123.34
122.447
122.624
122.39500000000001
121.455
121.45
121.242
121.585
121.119
122.376
118.995
123.30000000000001
123.014
122.188
121.999
122.33800000000001
122.48299999999999
123.77000000000001
122.771
122.06400000000001
123.563
126.407
118.735
129.149
128.581
129.427
127.828
127.184
126.197
125.941
124.832
126.59599999999999
125.66499999999999
125.47800000000001
119.294
127.22900000000001
128.03400000000002
129.551
132.08
127.573
127.995
126.977
125.84600000000002
126.218
126.90100000000001
125.56
117.36
123.141
121.859
124.157
123.95200000000001
124.027
123.848
124.372
124.153
126.94800000000001
134.4
129.056
119.802
131.427
127.70200000000001
126.48300000000002
124.89599999999999
123.272
122.754
123.80099999999999
124.523
126.23599999999999
124.065
123.446
119.122
125.36900000000001
124.194
122.613
122.658
122.76299999999999
122.71
124.8
125.62599999999999
122.628
121.91499999999999
121.958
118.674
123.48
121.946
123.31
121.872
120.771
120.61800000000001
121.702
122.526
123.22
124.695
123.61500000000001
119.2
123.818
123.28999999999999
122.82600000000001
122.288
121.03800000000001
121.33099999999999
121.722
122.234
122.031
120.857
120.33000000000001
118.586
123.862
122.431
122.729
122.35600000000001
122.864
125.647
128.609
126.891
127.044
127.96099999999998
125.43099999999998
118.587
125.03200000000001
125.14200000000001
124.428
123.722
125.001
123.942
125.547
127.776
130.20399999999998
126.464
126.14800000000001
119.262
126.76799999999999
126.693
125.914
125.576
124.721
124.08
125.471
124.629
123.749
122.972
122.886
118.26
125.18399999999998
124.347
127.587
126.24499999999999
129.274
127.037
126.31700000000001
124.808
125.086
123.11
123.604
119.727
124.455
124.557
124.994
124.84299999999999
123.125
138.044
129.947
131.28799999999998
121.117
126.69
122.52799999999999
119.785
124.815
123.639
122.742
122.516
121.98
122.82300000000001
121.41799999999999
124.249
125.073
125.163
125.57799999999999
119.768
126.47
125.394
127.15899999999999
126.193
